C:\Users\ray\Documents\Bovada Original Hands has 314 files.
346 duplicate hand numbers in C:\Users\ray\Documents\Bovada Original Hands
C:\Users\ray\Documents\BovadaHandHistory has 712 files.
11812 duplicate hand numbers in C:\Users\ray\Documents\BovadaHandHistory
7933 original hands
7920 converted hands
not equal!
originals are in the range: 2986261990-3016438686
converted are in the range: 2986261990-3016438686
0 hands missing from original []
13 hands missing from converted [3001061269, 3001061948, 3001063764, 3001064371, 3001065547, 3001066333, 3001066969, 3001067331, 3001067793, 3001068509, 3001069544, 3001070294, 3001070845]
------------
C:\Users\ray\Documents\bovadaOriginal has 8 files.
duplicate file name HH20150112-015929 - 177384 - ZONE - $0.05-$0.10 - HOLDEMZonePoker - NL - ZonePoker No.374.txt in C:\Users\ray\Documents\bovadaOriginal
duplicate file name HH20150115-235457 - 177899 - ZONE - $0.02-$0.05 - HOLDEMZonePoker - NL - ZonePoker No.372.txt in C:\Users\ray\Documents\bovadaOriginal
duplicate file name HH20150115-235723 - 177900 - ZONE - $0.05-$0.10 - HOLDEMZonePoker - NL - ZonePoker No.374.txt in C:\Users\ray\Documents\bovadaOriginal
duplicate file name HH20150116-002130 - 177901 - ZONE - $0.05-$0.10 - HOLDEMZonePoker - NL - ZonePoker No.374.txt in C:\Users\ray\Documents\bovadaOriginal
duplicate file name HH20150116-051733 - 178291 - ZONE - $0.02-$0.05 - HOLDEMZonePoker - NL - ZonePoker No.372.txt in C:\Users\ray\Documents\bovadaOriginal
0 duplicate hand numbers in C:\Users\ray\Documents\bovadaOriginal
856 other original hands
856 other original hands are in main original hands: 
[2986261990, 2986262167, 2986262242, 2986262336, 2986262575, 2986262638, 2986262728, 2986263054, 2986263138, 2986263531, 2986263607, 2986263777, 2986263965, 2986264205, 2986264299, 2986264352, 2986264436, 2986264510, 2986264664, 2986264750, 2986264814, 2986264898, 2986264949, 2986265011, 2986265120, 2986265380, 2986265544, 2986265602, 2986265751, 2986265807, 2986265888, 2986266024, 2986266086, 2986266149, 2986266280, 2986266391, 2986266481, 2986266567, 2986266648, 2986266705, 2986267115, 2986267177, 2986267240, 2986267410, 2986268014, 2986268072, 2986268144, 2986268324, 2986268489, 2986268551, 2986268656, 2986268713, 2986268800, 2986269240, 2986269293, 2986269366, 2986269428, 2986269488, 2986269559, 2986269629, 2986270062, 2986270150, 2986270224, 2986270312, 2986270399, 2986270458, 2986270550, 2986270874, 2986270932, 2986271151, 2986271227, 2986271761, 2986272075, 2986272439, 2986272589, 2986272640, 2986272722, 2986272845, 2986272910, 2986272967, 2986273191, 2986273268, 2986273638, 2986273690, 2986273760, 2986273836, 2986273955, 2986274507, 2986274786, 2986274852, 2986274908, 2986274966, 2986275325, 2986275389, 2986275809, 2986275887, 2986275966, 2986276164, 2986276246, 2986276288, 2986276516, 2986276586, 2986276643, 2986277318, 2986277357, 2986277586, 2986277959, 2986278149, 2986278230, 2986278480, 2986278520, 2986278925, 2986278980, 2986279128, 2986279219, 2986279294, 2986279348, 2986280122, 2986280194, 2986280459, 2986280503, 2986280790, 2986280985, 2986281030, 2986281147, 2986281226, 2986281284, 2986281332, 2986281701, 2986281757, 2986281837, 2986281904, 2986282035, 2988457029, 2988457840, 2988458006, 2988458545, 2988458692, 2988459089, 2988459246, 2988459365, 2988459470, 2988459592, 2988459800, 2988459907, 2988460018, 2988460116, 2988460203, 2988460676, 2988460793, 2988461841, 2988462014, 2988462158, 2988462281, 2988462404, 2988462807, 2988462967, 2988463197, 2988463323, 2988464244, 2988464438, 2988464602, 2988464727, 2988464831, 2988465052, 2988465172, 2988465324, 2988465445, 2988465581, 2988466199, 2988466444, 2988466593, 2988466676, 2988466954, 2988467223, 2988467485, 2988468000, 2988468747, 2988468928, 2988469029, 2988469169, 2988469271, 2988469512, 2988469599, 2988469948, 2988475824, 2988475928, 2988476006, 2988476180, 2988476287, 2988476377, 2988477017, 2988477174, 2988477293, 2988477618, 2988477960, 2988478053, 2988478335, 2988478423, 2988478524, 2988478650, 2988478740, 2988478834, 2988478981, 2988479387, 2988479478, 2988479579, 2988479971, 2988480339, 2988480441, 2988480508, 2988481216, 2988481373, 2988481453, 2988481547, 2988481630, 2988481794, 2988481901, 2988481967, 2988482167, 2988482253, 2988482336, 2988482426, 2988482536, 2988482624, 2988482726, 2988483036, 2988483214, 2988483369, 2988483454, 2988484155, 2988484331, 2988484461, 2988484539, 2988484643, 2988484750, 2988484864, 2988485082, 2988485348, 2988486076, 2988486156, 2988486243, 2988486349, 2988486664, 2988486758, 2988487241, 2988487481, 2988487700, 2988487774, 2988487864, 2988487964, 2988488175, 2988488253, 2988488344, 2988488516, 2988488614, 2988488688, 2988488790, 2988488861, 2988489013, 2988489168, 2988489254, 2988489380, 2988489458, 2988489553, 2988489758, 2988490681, 2988490856, 2988491187, 2988491274, 2988491466, 2988491549, 2988491627, 2988491943, 2988492093, 2988492187, 2988492314, 2988492424, 2988492507, 2988492587, 2988492933, 2988492991, 2988493063, 2988493142, 2988493231, 2988493342, 2988493438, 2988493657, 2988493749, 2988493944, 2988494118, 2988494192, 2988494275, 2988494379, 2988494461, 2988494571, 2988494920, 2988495095, 2988495226, 2988495440, 2988495529, 2988495683, 2988495789, 2988496517, 2988496703, 2988496813, 2988497032, 2988497143, 2988497235, 2988497647, 2988497760, 2988497980, 2988498074, 2988498290, 2988498401, 2988498694, 2988498780, 2988499341, 2988499593, 2988499668, 2988499862, 2988499961, 2988500039, 2988500118, 2988500331, 2988500985, 2988501093, 2988501196, 2988501301, 2988501379, 2988501463, 2988502123, 2988502242, 2988502341, 2988502436, 2988503046, 2988503156, 2988503288, 2988503383, 2988503483, 2988503572, 2988503669, 2988503745, 2988503871, 2988504014, 2988504118, 2988504302, 2988504399, 2988504560, 2988504628, 2988504705, 2988504800, 2988504928, 2988505024, 2988505115, 2988505198, 2988505267, 2988505358, 2988505447, 2988505824, 2988505930, 2988505999, 2988506382, 2988506703, 2988506792, 2988506860, 2988506941, 2988507405, 2988507505, 2988507586, 2988507725, 2988507809, 2988507914, 2988507972, 2988508231, 2988508335, 2988508394, 2988508538, 2988508644, 2988508863, 2988508932, 2988509055, 2988509120, 2988509228, 2988509406, 2988509494, 2988509559, 2988509796, 2988509880, 2988510164, 2988510241, 2988510333, 2988510434, 2988510508, 2988510769, 2988510870, 2988511330, 2988511425, 2988511559, 2988511867, 2988511955, 2988512086, 2988512265, 2988512638, 2988512887, 2988513299, 2988513374, 2988513455, 2988513563, 2988513899, 2988514103, 2988514792, 2988514987, 2988515070, 2988515882, 2988515970, 2988516045, 2988516277, 2988516334, 2988516458, 2988516568, 2988516666, 2988516779, 2988516935, 2988517015, 2988517220, 2988517300, 2988517382, 2988517651, 2988517794, 2988517971, 2988518576, 2988518655, 2988518763, 2988518854, 2988519304, 2988519547, 2988519687, 2988519945, 2988520017, 2988520470, 2988520569, 2988520772, 2988520868, 2988520956, 2988521035, 2988521227, 2988521365, 2988521461, 2988521524, 2988521935, 2988522021, 2988522096, 2988522160, 2988522321, 2988522397, 2988522483, 2988522583, 2988522941, 2988523058, 2988523613, 2988523711, 2988524066, 2988524200, 2988602017, 2988602063, 2988602233, 2988602284, 2988602309, 2988602404, 2988602455, 2988602491, 2988602554, 2988602698, 2988602751, 2988602788, 2988602902, 2988602970, 2988603007, 2989024535, 2989024648, 2989024753, 2989024853, 2989025341, 2989025554, 2989025780, 2989025907, 2989025983, 2989026165, 2989026772, 2989026926, 2989027152, 2989027271, 2989027357, 2989027464, 2989027875, 2989027971, 2989028076, 2989028163, 2989029216, 2989029327, 2989030696, 2989030800, 2989030929, 2989031256, 2989031438, 2989031642, 2989031733, 2989032140, 2989032376, 2989032480, 2989033002, 2989033313, 2989033415, 2989033550, 2989033774, 2989034010, 2989034130, 2989034227, 2989034380, 2989034480, 2989034851, 2989034972, 2989035078, 2989035743, 2989035873, 2989036022, 2989036118, 2989036223, 2989036310, 2989036425, 2989036643, 2989036758, 2989036857, 2989036994, 2989037090, 2989037178, 2989037753, 2989038157, 2989038273, 2989038358, 2989038473, 2989039156, 2989039276, 2989039618, 2989039695, 2989039802, 2989039932, 2989040010, 2989040092, 2989040354, 2989040490, 2989040598, 2989040678, 2989040831, 2989041163, 2989041296, 2989041399, 2989041906, 2989042286, 2989042387, 2989042643, 2989043511, 2989043634, 2989043907, 2989044020, 2989044185, 2989044959, 2989045127, 2989045345, 2989045444, 2989045655, 2989045814, 2989046052, 2989046423, 2989046935, 2989047008, 2989047095, 2989047922, 2989048344, 2989048445, 2989048822, 2989048944, 2989049050, 2989049430, 2989049553, 2989049737, 2989050525, 2989050631, 2989050746, 2989050866, 2989050981, 2989070315, 2989070458, 2989070509, 2989070640, 2989070722, 2989070842, 2989071207, 2989071303, 2989071418, 2989071495, 2989071611, 2989072058, 2989072228, 2989072344, 2989072801, 2989072942, 2989073068, 2989073245, 2989073360, 2989073514, 2989073605, 2989073718, 2989073923, 2989074089, 2989074249, 2989074380, 2989074572, 2989074777, 2989074890, 2989075078, 2989075233, 2989075324, 2989075430, 2989075759, 2989075925, 2989076338, 2989077188, 2989077285, 2989077382, 2989077566, 2989077661, 2989077757, 2989077859, 2989077981, 2989078194, 2989078317, 2989078727, 2989078971, 2989079284, 2989079581, 2989079667, 2989080087, 2989080220, 2989080297, 2989080389, 2989080477, 2989080565, 2989081365, 2989081478, 2989081626, 2989082471, 2989084543, 2989084618, 2989084720, 2989085020, 2989085104, 2989085554, 2989085730, 2989085825, 2989085965, 2989086051, 2989086184, 2989086295, 2989086471, 2989086631, 2989086727, 2989086831, 2989087017, 2989087111, 2989087320, 2989087465, 2989087562, 2989087654, 2989088162, 2989088250, 2989088766, 2989088992, 2989089096, 2989089213, 2989089320, 2989089678, 2989089756, 2989089858, 2989090072, 2989090186, 2989090245, 2989090476, 2989090584, 2989090692, 2989093368, 2989093545, 2989093854, 2989093930, 2989094030, 2989094132, 2989094222, 2989094335, 2989094459, 2989097191, 2989097277, 2989097398, 2989097698, 2989097806, 2989097919, 2989098039, 2989098155, 2989098294, 2989098574, 2989122135, 2989122423, 2989122515, 2989122602, 2989122760, 2989122909, 2989122981, 2989123196, 2989123320, 2989123387, 2989123654, 2989124109, 2989124278, 2989124384, 2989124781, 2989124910, 2989125107, 2989125168, 2989125264, 2989125362, 2989125485, 2989125556, 2989125690, 2989125791, 2989125950, 2989126189, 2989126697, 2989126920, 2989127043, 2989127121, 2989127273, 2989127438, 2989127602, 2989127650, 2989127819, 2989128016, 2989128238, 2989128306, 2989128419, 2989128520, 2989129008, 2989129248, 2989129316, 2989129758, 2989130095, 2989130307, 2989130525, 2989130578, 2989130672, 2989130875, 2989130967, 2989131044, 2989131192, 2989131293, 2989131368, 2989131442, 2989131551, 2989131635, 2989131824, 2989132207, 2989132415, 2989132621, 2989132719, 2989132879, 2989132935, 2989133089, 2989133294, 2989133406, 2989133460, 2989133734, 2989133830, 2989133948, 2989134204, 2989134622, 2989134706, 2989134789, 2989134835, 2989135179, 2989135323, 2989135508, 2989135767, 2989135818, 2989135905, 2989136073, 2989136139, 2989136450, 2989136539, 2989136586, 2989136703, 2989136781, 2989136904, 2989136976, 2989137092, 2989137161, 2989137236, 2989137332, 2989137397, 2989137473, 2989137743, 2989137833, 2989137910, 2989137973, 2989138168, 2989138250, 2989138352, 2989138423, 2989138540, 2989138643, 2989138719, 2989138806, 2989138867, 2989138936, 2989139470, 2989139564, 2989139864, 2989140010, 2989140092, 2989140157, 2989140240, 2989140377, 2989140455, 2989140531, 2989140596, 2989140780, 2989141165, 2989141211, 2989141305, 2989141395, 2989141480, 2989141557, 2989141664, 2989141816, 2989141895, 2989141956, 2989142028, 2989142094, 2989142285, 2989142344, 2989142666, 2989143242, 2989143340, 2989143436, 2989143556, 2989143630, 2989143690, 2989143740]
------------
C:\Users\ray\Documents\copybhh has 13 files.
duplicate file name BovadaHandHistory_Holdem_NL_201501160574300128.txt in C:\Users\ray\Documents\copybhh
duplicate file name BovadaHandHistory_Holdem_NL_201501171738577556591.txt in C:\Users\ray\Documents\copybhh
duplicate file name BovadaHandHistory_Holdem_NL_201501171738578962342.txt in C:\Users\ray\Documents\copybhh
duplicate file name BovadaHandHistory_Holdem_NL_201501171738586149841.txt in C:\Users\ray\Documents\copybhh
duplicate file name BovadaHandHistory_Holdem_NL_2015011820359851277.txt in C:\Users\ray\Documents\copybhh
duplicate file name BovadaHandHistory_Holdem_NL_20150118204001518777.txt in C:\Users\ray\Documents\copybhh
duplicate file name BovadaHandHistory_Holdem_NL_20150118204020589886.txt in C:\Users\ray\Documents\copybhh
duplicate file name BovadaHandHistory_Holdem_NL_20150118204039663311.txt in C:\Users\ray\Documents\copybhh
duplicate file name BovadaHandHistory_Holdem_NL_201501202129421377058.txt in C:\Users\ray\Documents\copybhh
duplicate file name BovadaHandHistory_Holdem_NL_201501202129441704151.txt in C:\Users\ray\Documents\copybhh
duplicate file name BovadaHandHistory_Holdem_NL_201501202129442954162.txt in C:\Users\ray\Documents\copybhh
duplicate file name BovadaHandHistory_Holdem_NL_201501202129452167606.txt in C:\Users\ray\Documents\copybhh
duplicate file name BovadaHandHistory_Holdem_NL_201501202129501037406.txt in C:\Users\ray\Documents\copybhh
479 duplicate hand numbers in C:\Users\ray\Documents\copybhh
856 other converted hands
856 other converted hands are in main converted hands: 
[2986261990, 2986262167, 2986262242, 2986262336, 2986262575, 2986262638, 2986262728, 2986263054, 2986263138, 2986263531, 2986263607, 2986263777, 2986263965, 2986264205, 2986264299, 2986264352, 2986264436, 2986264510, 2986264664, 2986264750, 2986264814, 2986264898, 2986264949, 2986265011, 2986265120, 2986265380, 2986265544, 2986265602, 2986265751, 2986265807, 2986265888, 2986266024, 2986266086, 2986266149, 2986266280, 2986266391, 2986266481, 2986266567, 2986266648, 2986266705, 2986267115, 2986267177, 2986267240, 2986267410, 2986268014, 2986268072, 2986268144, 2986268324, 2986268489, 2986268551, 2986268656, 2986268713, 2986268800, 2986269240, 2986269293, 2986269366, 2986269428, 2986269488, 2986269559, 2986269629, 2986270062, 2986270150, 2986270224, 2986270312, 2986270399, 2986270458, 2986270550, 2986270874, 2986270932, 2986271151, 2986271227, 2986271761, 2986272075, 2986272439, 2986272589, 2986272640, 2986272722, 2986272845, 2986272910, 2986272967, 2986273191, 2986273268, 2986273638, 2986273690, 2986273760, 2986273836, 2986273955, 2986274507, 2986274786, 2986274852, 2986274908, 2986274966, 2986275325, 2986275389, 2986275809, 2986275887, 2986275966, 2986276164, 2986276246, 2986276288, 2986276516, 2986276586, 2986276643, 2986277318, 2986277357, 2986277586, 2986277959, 2986278149, 2986278230, 2986278480, 2986278520, 2986278925, 2986278980, 2986279128, 2986279219, 2986279294, 2986279348, 2986280122, 2986280194, 2986280459, 2986280503, 2986280790, 2986280985, 2986281030, 2986281147, 2986281226, 2986281284, 2986281332, 2986281701, 2986281757, 2986281837, 2986281904, 2986282035, 2988457029, 2988457840, 2988458006, 2988458545, 2988458692, 2988459089, 2988459246, 2988459365, 2988459470, 2988459592, 2988459800, 2988459907, 2988460018, 2988460116, 2988460203, 2988460676, 2988460793, 2988461841, 2988462014, 2988462158, 2988462281, 2988462404, 2988462807, 2988462967, 2988463197, 2988463323, 2988464244, 2988464438, 2988464602, 2988464727, 2988464831, 2988465052, 2988465172, 2988465324, 2988465445, 2988465581, 2988466199, 2988466444, 2988466593, 2988466676, 2988466954, 2988467223, 2988467485, 2988468000, 2988468747, 2988468928, 2988469029, 2988469169, 2988469271, 2988469512, 2988469599, 2988469948, 2988475824, 2988475928, 2988476006, 2988476180, 2988476287, 2988476377, 2988477017, 2988477174, 2988477293, 2988477618, 2988477960, 2988478053, 2988478335, 2988478423, 2988478524, 2988478650, 2988478740, 2988478834, 2988478981, 2988479387, 2988479478, 2988479579, 2988479971, 2988480339, 2988480441, 2988480508, 2988481216, 2988481373, 2988481453, 2988481547, 2988481630, 2988481794, 2988481901, 2988481967, 2988482167, 2988482253, 2988482336, 2988482426, 2988482536, 2988482624, 2988482726, 2988483036, 2988483214, 2988483369, 2988483454, 2988484155, 2988484331, 2988484461, 2988484539, 2988484643, 2988484750, 2988484864, 2988485082, 2988485348, 2988486076, 2988486156, 2988486243, 2988486349, 2988486664, 2988486758, 2988487241, 2988487481, 2988487700, 2988487774, 2988487864, 2988487964, 2988488175, 2988488253, 2988488344, 2988488516, 2988488614, 2988488688, 2988488790, 2988488861, 2988489013, 2988489168, 2988489254, 2988489380, 2988489458, 2988489553, 2988489758, 2988490681, 2988490856, 2988491187, 2988491274, 2988491466, 2988491549, 2988491627, 2988491943, 2988492093, 2988492187, 2988492314, 2988492424, 2988492507, 2988492587, 2988492933, 2988492991, 2988493063, 2988493142, 2988493231, 2988493342, 2988493438, 2988493657, 2988493749, 2988493944, 2988494118, 2988494192, 2988494275, 2988494379, 2988494461, 2988494571, 2988494920, 2988495095, 2988495226, 2988495440, 2988495529, 2988495683, 2988495789, 2988496517, 2988496703, 2988496813, 2988497032, 2988497143, 2988497235, 2988497647, 2988497760, 2988497980, 2988498074, 2988498290, 2988498401, 2988498694, 2988498780, 2988499341, 2988499593, 2988499668, 2988499862, 2988499961, 2988500039, 2988500118, 2988500331, 2988500985, 2988501093, 2988501196, 2988501301, 2988501379, 2988501463, 2988502123, 2988502242, 2988502341, 2988502436, 2988503046, 2988503156, 2988503288, 2988503383, 2988503483, 2988503572, 2988503669, 2988503745, 2988503871, 2988504014, 2988504118, 2988504302, 2988504399, 2988504560, 2988504628, 2988504705, 2988504800, 2988504928, 2988505024, 2988505115, 2988505198, 2988505267, 2988505358, 2988505447, 2988505824, 2988505930, 2988505999, 2988506382, 2988506703, 2988506792, 2988506860, 2988506941, 2988507405, 2988507505, 2988507586, 2988507725, 2988507809, 2988507914, 2988507972, 2988508231, 2988508335, 2988508394, 2988508538, 2988508644, 2988508863, 2988508932, 2988509055, 2988509120, 2988509228, 2988509406, 2988509494, 2988509559, 2988509796, 2988509880, 2988510164, 2988510241, 2988510333, 2988510434, 2988510508, 2988510769, 2988510870, 2988511330, 2988511425, 2988511559, 2988511867, 2988511955, 2988512086, 2988512265, 2988512638, 2988512887, 2988513299, 2988513374, 2988513455, 2988513563, 2988513899, 2988514103, 2988514792, 2988514987, 2988515070, 2988515882, 2988515970, 2988516045, 2988516277, 2988516334, 2988516458, 2988516568, 2988516666, 2988516779, 2988516935, 2988517015, 2988517220, 2988517300, 2988517382, 2988517651, 2988517794, 2988517971, 2988518576, 2988518655, 2988518763, 2988518854, 2988519304, 2988519547, 2988519687, 2988519945, 2988520017, 2988520470, 2988520569, 2988520772, 2988520868, 2988520956, 2988521035, 2988521227, 2988521365, 2988521461, 2988521524, 2988521935, 2988522021, 2988522096, 2988522160, 2988522321, 2988522397, 2988522483, 2988522583, 2988522941, 2988523058, 2988523613, 2988523711, 2988524066, 2988524200, 2988602017, 2988602063, 2988602233, 2988602284, 2988602309, 2988602404, 2988602455, 2988602491, 2988602554, 2988602698, 2988602751, 2988602788, 2988602902, 2988602970, 2988603007, 2989024535, 2989024648, 2989024753, 2989024853, 2989025341, 2989025554, 2989025780, 2989025907, 2989025983, 2989026165, 2989026772, 2989026926, 2989027152, 2989027271, 2989027357, 2989027464, 2989027875, 2989027971, 2989028076, 2989028163, 2989029216, 2989029327, 2989030696, 2989030800, 2989030929, 2989031256, 2989031438, 2989031642, 2989031733, 2989032140, 2989032376, 2989032480, 2989033002, 2989033313, 2989033415, 2989033550, 2989033774, 2989034010, 2989034130, 2989034227, 2989034380, 2989034480, 2989034851, 2989034972, 2989035078, 2989035743, 2989035873, 2989036022, 2989036118, 2989036223, 2989036310, 2989036425, 2989036643, 2989036758, 2989036857, 2989036994, 2989037090, 2989037178, 2989037753, 2989038157, 2989038273, 2989038358, 2989038473, 2989039156, 2989039276, 2989039618, 2989039695, 2989039802, 2989039932, 2989040010, 2989040092, 2989040354, 2989040490, 2989040598, 2989040678, 2989040831, 2989041163, 2989041296, 2989041399, 2989041906, 2989042286, 2989042387, 2989042643, 2989043511, 2989043634, 2989043907, 2989044020, 2989044185, 2989044959, 2989045127, 2989045345, 2989045444, 2989045655, 2989045814, 2989046052, 2989046423, 2989046935, 2989047008, 2989047095, 2989047922, 2989048344, 2989048445, 2989048822, 2989048944, 2989049050, 2989049430, 2989049553, 2989049737, 2989050525, 2989050631, 2989050746, 2989050866, 2989050981, 2989070315, 2989070458, 2989070509, 2989070640, 2989070722, 2989070842, 2989071207, 2989071303, 2989071418, 2989071495, 2989071611, 2989072058, 2989072228, 2989072344, 2989072801, 2989072942, 2989073068, 2989073245, 2989073360, 2989073514, 2989073605, 2989073718, 2989073923, 2989074089, 2989074249, 2989074380, 2989074572, 2989074777, 2989074890, 2989075078, 2989075233, 2989075324, 2989075430, 2989075759, 2989075925, 2989076338, 2989077188, 2989077285, 2989077382, 2989077566, 2989077661, 2989077757, 2989077859, 2989077981, 2989078194, 2989078317, 2989078727, 2989078971, 2989079284, 2989079581, 2989079667, 2989080087, 2989080220, 2989080297, 2989080389, 2989080477, 2989080565, 2989081365, 2989081478, 2989081626, 2989082471, 2989084543, 2989084618, 2989084720, 2989085020, 2989085104, 2989085554, 2989085730, 2989085825, 2989085965, 2989086051, 2989086184, 2989086295, 2989086471, 2989086631, 2989086727, 2989086831, 2989087017, 2989087111, 2989087320, 2989087465, 2989087562, 2989087654, 2989088162, 2989088250, 2989088766, 2989088992, 2989089096, 2989089213, 2989089320, 2989089678, 2989089756, 2989089858, 2989090072, 2989090186, 2989090245, 2989090476, 2989090584, 2989090692, 2989093368, 2989093545, 2989093854, 2989093930, 2989094030, 2989094132, 2989094222, 2989094335, 2989094459, 2989097191, 2989097277, 2989097398, 2989097698, 2989097806, 2989097919, 2989098039, 2989098155, 2989098294, 2989098574, 2989122135, 2989122423, 2989122515, 2989122602, 2989122760, 2989122909, 2989122981, 2989123196, 2989123320, 2989123387, 2989123654, 2989124109, 2989124278, 2989124384, 2989124781, 2989124910, 2989125107, 2989125168, 2989125264, 2989125362, 2989125485, 2989125556, 2989125690, 2989125791, 2989125950, 2989126189, 2989126697, 2989126920, 2989127043, 2989127121, 2989127273, 2989127438, 2989127602, 2989127650, 2989127819, 2989128016, 2989128238, 2989128306, 2989128419, 2989128520, 2989129008, 2989129248, 2989129316, 2989129758, 2989130095, 2989130307, 2989130525, 2989130578, 2989130672, 2989130875, 2989130967, 2989131044, 2989131192, 2989131293, 2989131368, 2989131442, 2989131551, 2989131635, 2989131824, 2989132207, 2989132415, 2989132621, 2989132719, 2989132879, 2989132935, 2989133089, 2989133294, 2989133406, 2989133460, 2989133734, 2989133830, 2989133948, 2989134204, 2989134622, 2989134706, 2989134789, 2989134835, 2989135179, 2989135323, 2989135508, 2989135767, 2989135818, 2989135905, 2989136073, 2989136139, 2989136450, 2989136539, 2989136586, 2989136703, 2989136781, 2989136904, 2989136976, 2989137092, 2989137161, 2989137236, 2989137332, 2989137397, 2989137473, 2989137743, 2989137833, 2989137910, 2989137973, 2989138168, 2989138250, 2989138352, 2989138423, 2989138540, 2989138643, 2989138719, 2989138806, 2989138867, 2989138936, 2989139470, 2989139564, 2989139864, 2989140010, 2989140092, 2989140157, 2989140240, 2989140377, 2989140455, 2989140531, 2989140596, 2989140780, 2989141165, 2989141211, 2989141305, 2989141395, 2989141480, 2989141557, 2989141664, 2989141816, 2989141895, 2989141956, 2989142028, 2989142094, 2989142285, 2989142344, 2989142666, 2989143242, 2989143340, 2989143436, 2989143556, 2989143630, 2989143690, 2989143740]
------------
