AA 2.72 2.81 2.48 2.53 2.73 2.76 2.79 2.77 2.89 2.96
KK 1.9 1.73 1.72 1.7 1.59 1.9 2.01 1.97 1.94 2.09
QQ 1.18 1.22 1.28 1.21 1.21 1.22 1.24 1.22 1.49 1.36
JJ 0.67 0.63 0.83 0.66 0.86 0.76 0.91 1.01 1.01 0.89
TT 0.38 0.37 0.43 0.52 0.45 0.42 0.46 0.54 0.5 0.56
99 0.18 0.16 0.31 0.15 0.31 0.35 0.25 0.27 0.27 0.23
88 0.1 0.07 0.21 0.09 0.14 0.19 0.15 0.26 0.23 0.26
77 -0.06 -0.01 0.03 0.11 0.07 0.14 0.11 0.19 0.16 0.15
66 -0.01 -0.06 -0.02 0.08 0.2 0.13 0.05 -0.02 0.06 0.13
55 -0.02 -0.12 0.01 -0.02 -0.04 -0.02 0.0 -0.04 0.01 0.08
44 0.05 -0.1 -0.08 -0.06 -0.01 0.1 0.02 0.02 -0.06 -0.03
33 -0.1 -0.16 -0.07 -0.04 -0.01 -0.05 -0.01 0.06 -0.04 0.03
22 -0.12 -0.1 -0.12 -0.03 -0.04 0.02 0.02 -0.05 -0.0 -0.12
AK 0.42 0.42 0.48 0.42 0.55 0.5 0.5 0.57 0.59 0.61
AKs 0.68 0.78 0.79 0.9 0.83 0.82 0.86 0.82 1.01 0.99
AQ 0.18 0.17 0.21 0.3 0.21 0.31 0.26 0.33 0.3 0.37
AQs 0.57 0.51 0.51 0.6 0.53 0.5 0.7 0.65 0.64 0.64
AJ 0.03 0.1 0.03 0.1 0.1 0.07 0.15 0.09 0.19 0.15
AJs 0.41 0.25 0.27 0.41 0.4 0.44 0.51 0.51 0.54 0.49
AT -0.08 -0.04 -0.07 -0.02 0.02 0.01 -0.0 0.03 -0.0 0.06
ATs 0.19 0.23 0.28 0.24 0.25 0.4 0.28 0.26 0.31 0.46
A9 -0.22 -0.19 -0.08 -0.11 -0.13 -0.07 -0.09 -0.12 -0.1 -0.03
A9s 0.16 0.05 0.23 0.07 0.13 0.12 0.2 0.19 0.19 0.19
A8 -0.21 -0.28 -0.18 -0.08 -0.11 -0.09 -0.08 -0.16 -0.06 -0.09
A8s -0.01 -0.11 0.12 0.03 0.17 0.06 0.08 0.01 0.1 0.14
A7 -0.22 -0.25 -0.15 -0.12 -0.11 -0.11 -0.15 -0.11 -0.1 -0.06
A7s -0.07 -0.06 0.03 0.12 -0.01 0.1 0.25 0.1 0.01 0.08
A6 -0.29 -0.28 -0.18 -0.15 -0.12 -0.11 -0.13 -0.1 -0.13 -0.09
A6s 0.01 -0.15 -0.13 0.04 -0.03 0.0 0.05 -0.02 0.0 -0.01
A5 -0.26 -0.3 -0.12 -0.15 -0.12 -0.15 -0.12 -0.11 -0.08 -0.13
A5s 0.11 0.01 0.09 0.07 0.0 0.08 0.02 0.01 0.2 0.16
A4 -0.27 -0.3 -0.13 -0.1 -0.15 -0.13 -0.08 -0.1 -0.1 -0.1
A4s -0.03 -0.05 0.02 0.03 0.07 0.05 0.18 0.03 0.16 0.08
A3 -0.28 -0.34 -0.17 -0.11 -0.12 -0.12 -0.09 -0.11 -0.12 -0.1
A3s -0.12 0.02 -0.06 0.06 0.11 -0.09 -0.07 0.11 0.0 0.05
A2 -0.27 -0.35 -0.16 -0.14 -0.16 -0.14 -0.12 -0.09 -0.06 -0.14
A2s -0.12 -0.13 -0.01 -0.04 0.06 0.03 0.03 -0.1 -0.0 0.11
KQ 0.03 -0.0 0.06 0.15 0.08 0.09 0.13 0.14 0.15 0.17
KQs 0.36 0.17 0.4 0.31 0.36 0.31 0.42 0.45 0.4 0.42
KJ -0.08 -0.17 -0.03 -0.02 -0.03 -0.04 0.05 0.01 0.09 0.06
KJs 0.17 0.12 0.13 0.27 0.32 0.23 0.24 0.29 0.29 0.4
KT -0.2 -0.16 -0.07 -0.09 -0.06 -0.06 -0.06 -0.04 0.0 0.07
KTs 0.15 0.03 0.11 0.19 0.15 0.1 0.27 0.06 0.09 0.31
K9 -0.26 -0.22 -0.13 -0.1 -0.09 -0.1 -0.08 -0.1 -0.06 -0.05
K9s -0.07 -0.02 -0.06 0.04 0.13 0.03 0.02 0.07 0.09 0.02
K8 -0.27 -0.28 -0.13 -0.1 -0.09 -0.06 -0.08 -0.07 -0.06 -0.08
K8s -0.08 -0.12 -0.04 -0.02 -0.03 0.0 -0.09 0.07 0.0 0.01
K7 -0.26 -0.32 -0.13 -0.09 -0.07 -0.07 -0.08 -0.06 -0.05 -0.04
K7s -0.07 -0.12 -0.09 -0.03 0.12 -0.04 -0.04 -0.04 0.03 -0.0
K6 -0.27 -0.32 -0.1 -0.05 -0.07 -0.06 -0.07 -0.06 -0.06 -0.06
K6s -0.17 -0.17 -0.11 0.03 -0.03 -0.08 -0.06 0.07 0.01 -0.03
K5 -0.29 -0.34 -0.11 -0.08 -0.07 -0.09 -0.07 -0.07 -0.09 -0.03
K5s -0.21 -0.13 -0.06 -0.04 -0.06 -0.01 0.01 -0.08 0.02 0.01
K4 -0.3 -0.37 -0.11 -0.08 -0.07 -0.06 -0.08 -0.07 -0.06 0.01
K4s -0.16 -0.07 -0.09 -0.09 0.03 -0.04 -0.07 -0.06 -0.03 -0.09
K3 -0.27 -0.38 -0.13 -0.06 -0.07 -0.07 -0.08 -0.06 -0.06 -0.05
K3s -0.12 -0.12 -0.1 -0.12 -0.1 -0.03 -0.09 -0.01 -0.08 -0.05
K2 -0.26 -0.37 -0.11 -0.06 -0.06 -0.07 -0.07 -0.05 -0.05 -0.06
K2s -0.15 -0.22 -0.16 -0.03 -0.07 -0.09 -0.09 -0.05 -0.0 -0.12
QJ -0.1 -0.11 -0.1 -0.08 -0.01 -0.1 0.03 -0.03 0.02 0.02
QJs 0.17 0.07 0.15 0.11 0.16 0.3 0.13 0.2 0.34 0.23
QT -0.16 -0.16 -0.1 -0.07 -0.05 -0.08 -0.12 -0.03 -0.03 0.01
QTs 0.02 -0.03 0.04 0.12 0.11 0.02 0.15 0.15 0.12 0.07
Q9 -0.25 -0.22 -0.11 -0.11 -0.05 -0.09 -0.08 -0.05 -0.05 -0.07
Q9s -0.07 -0.13 -0.04 0.11 0.07 0.06 -0.07 -0.01 0.01 -0.0
Q8 -0.28 -0.3 -0.11 -0.1 -0.08 -0.09 -0.03 -0.07 -0.05 -0.07
Q8s -0.1 -0.18 -0.07 -0.07 -0.12 0.02 0.02 -0.06 -0.07 0.02
Q7 -0.29 -0.34 -0.11 -0.07 -0.06 -0.07 -0.05 -0.06 -0.07 -0.05
Q7s -0.2 -0.17 -0.04 -0.12 -0.1 -0.08 -0.04 -0.03 -0.06 0.04
Q6 -0.28 -0.38 -0.11 -0.06 -0.06 -0.06 -0.05 -0.05 -0.04 -0.06
Q6s -0.2 -0.15 -0.16 -0.09 -0.05 -0.13 -0.03 -0.07 -0.03 -0.03
Q5 -0.31 -0.39 -0.1 -0.07 -0.04 -0.05 -0.03 -0.05 -0.04 -0.05
Q5s -0.21 -0.15 -0.02 -0.03 -0.09 -0.05 -0.06 -0.12 -0.06 -0.09
Q4 -0.27 -0.39 -0.08 -0.05 -0.03 -0.04 -0.04 -0.04 -0.03 -0.05
Q4s -0.19 -0.25 -0.09 -0.11 -0.1 -0.12 -0.07 -0.01 -0.05 -0.06
Q3 -0.27 -0.34 -0.12 -0.03 -0.05 -0.03 -0.05 -0.05 -0.04 -0.04
Q3s -0.27 -0.33 -0.01 -0.12 -0.08 -0.01 -0.07 -0.13 -0.13 0.01
Q2 -0.3 -0.4 -0.11 -0.05 -0.04 -0.05 -0.05 -0.04 -0.04 -0.04
Q2s -0.29 -0.24 -0.11 -0.1 -0.11 -0.1 -0.05 -0.11 -0.1 -0.08
JT -0.2 -0.19 -0.12 -0.11 -0.02 -0.07 -0.02 0.0 -0.03 -0.01
JTs 0.07 0.01 -0.04 0.09 0.01 0.14 0.17 0.12 0.2 0.15
J9 -0.22 -0.27 -0.15 -0.07 -0.07 -0.08 -0.09 -0.09 -0.07 -0.05
J9s -0.04 -0.12 -0.09 -0.04 -0.11 -0.03 -0.01 0.0 0.07 0.18
J8 -0.28 -0.26 -0.07 -0.08 -0.07 -0.08 -0.09 -0.04 -0.06 -0.06
J8s -0.1 -0.23 -0.06 -0.18 -0.12 -0.03 -0.05 0.02 -0.01 -0.02
J7 -0.28 -0.35 -0.1 -0.06 -0.06 -0.04 -0.05 -0.04 -0.05 -0.05
J7s -0.15 -0.24 -0.12 -0.02 -0.01 -0.11 -0.06 -0.08 -0.02 -0.08
J6 -0.28 -0.37 -0.07 -0.06 -0.04 -0.04 -0.04 -0.04 -0.04 -0.05
J6s -0.2 -0.27 -0.19 -0.11 -0.15 -0.05 -0.04 -0.07 -0.06 0.01
J5 -0.28 -0.38 -0.11 -0.04 -0.06 -0.05 -0.05 -0.03 -0.05 -0.03
J5s -0.25 -0.23 -0.17 -0.05 -0.08 -0.1 -0.15 -0.17 -0.08 -0.11
J4 -0.27 -0.38 -0.1 -0.04 -0.05 -0.04 -0.03 -0.04 -0.03 -0.04
J4s -0.28 -0.2 -0.09 -0.03 -0.12 -0.05 -0.06 -0.09 0.05 -0.09
J3 -0.28 -0.42 -0.12 -0.04 -0.03 -0.03 -0.04 -0.03 -0.03 -0.03
J3s -0.27 -0.31 -0.08 -0.06 -0.1 -0.13 -0.11 -0.07 -0.1 -0.04
J2 -0.28 -0.43 -0.08 -0.04 -0.04 -0.03 -0.04 -0.03 -0.02 -0.04
J2s -0.27 -0.32 -0.12 -0.12 -0.08 -0.07 -0.01 -0.08 -0.1 -0.11
T9 -0.14 -0.31 -0.09 -0.07 -0.08 -0.07 -0.07 -0.09 -0.05 -0.07
T9s -0.08 -0.1 -0.05 -0.02 0.09 -0.1 0.05 0.02 0.06 0.11
T8 -0.25 -0.29 -0.11 -0.06 -0.04 -0.06 -0.04 -0.05 -0.04 -0.04
T8s -0.13 -0.16 -0.02 -0.07 0.02 0.01 0.04 0.03 0.06 0.08
T7 -0.26 -0.33 -0.07 -0.04 -0.03 -0.03 -0.01 -0.05 -0.03 -0.03
T7s -0.17 -0.15 -0.12 -0.07 -0.04 -0.06 -0.09 0.03 0.06 -0.09
T6 -0.3 -0.36 -0.1 -0.04 -0.03 -0.01 -0.03 -0.02 -0.02 -0.03
T6s -0.19 -0.31 -0.14 -0.12 -0.11 -0.06 -0.11 -0.07 -0.07 -0.05
T5 -0.29 -0.39 -0.09 -0.03 -0.03 -0.02 -0.02 -0.03 -0.02 -0.02
T5s -0.28 -0.23 -0.1 -0.07 -0.01 -0.09 -0.05 -0.02 -0.04 -0.08
T4 -0.27 -0.41 -0.09 -0.03 -0.01 0.0 -0.02 -0.02 -0.01 -0.01
T4s -0.26 -0.33 -0.12 -0.09 -0.08 -0.07 -0.11 -0.13 -0.05 -0.06
T3 -0.28 -0.41 -0.09 -0.03 -0.03 -0.01 -0.01 -0.02 -0.02 -0.02
T3s -0.23 -0.3 -0.11 -0.07 -0.04 -0.04 -0.03 -0.05 -0.04 -0.11
T2 -0.28 -0.42 -0.1 -0.01 -0.02 -0.02 -0.02 -0.02 -0.01 -0.01
T2s -0.29 -0.31 -0.11 -0.1 -0.08 -0.07 -0.07 -0.1 -0.06 -0.1
98 -0.18 -0.32 -0.1 -0.07 -0.08 -0.05 -0.08 -0.05 -0.04 -0.09
98s -0.03 -0.18 -0.11 -0.05 -0.15 -0.11 0.04 0.06 0.05 0.09
97 -0.22 -0.32 -0.09 -0.03 -0.03 -0.04 -0.02 -0.03 -0.04 -0.06
97s -0.17 -0.13 0.03 -0.07 -0.05 0.04 -0.07 -0.01 -0.13 0.04
96 -0.29 -0.34 -0.09 -0.04 -0.02 -0.02 -0.04 -0.04 -0.02 -0.03
96s -0.18 -0.22 -0.13 -0.09 -0.08 -0.08 -0.07 -0.09 -0.09 -0.03
95 -0.27 -0.39 -0.08 -0.04 -0.02 -0.02 -0.03 -0.02 -0.02 -0.02
95s -0.23 -0.29 -0.11 -0.09 -0.1 -0.1 -0.08 -0.07 -0.08 -0.08
94 -0.28 -0.42 -0.08 -0.02 -0.02 -0.01 -0.02 -0.01 0.01 -0.02
94s -0.29 -0.38 -0.1 -0.1 -0.08 -0.04 -0.08 -0.07 -0.11 -0.08
93 -0.26 -0.41 -0.08 -0.03 -0.02 -0.02 -0.01 -0.02 -0.02 -0.02
93s -0.17 -0.37 -0.11 -0.07 -0.06 -0.16 -0.09 -0.04 -0.09 -0.09
92 -0.26 -0.39 -0.08 -0.02 0.01 -0.01 -0.01 -0.02 -0.02 -0.01
92s -0.22 -0.34 -0.11 -0.06 -0.1 -0.08 -0.1 -0.11 -0.08 -0.09
87 -0.23 -0.31 -0.12 -0.08 -0.08 -0.07 -0.06 -0.08 -0.09 -0.08
87s -0.17 -0.19 0.11 -0.02 -0.09 -0.05 -0.02 -0.07 -0.0 0.02
86 -0.25 -0.3 -0.09 -0.03 -0.05 -0.04 -0.03 -0.03 -0.03 -0.02
86s -0.17 -0.22 -0.05 -0.09 -0.08 -0.07 -0.02 -0.04 -0.02 0.0
85 -0.25 -0.36 -0.07 -0.03 -0.03 -0.02 -0.02 -0.0 -0.02 -0.02
85s -0.23 -0.27 -0.1 -0.1 -0.05 -0.1 -0.1 -0.05 -0.11 -0.03
84 -0.28 -0.38 -0.08 -0.03 -0.02 -0.02 -0.02 -0.02 -0.01 -0.02
84s -0.2 -0.3 -0.12 -0.1 -0.08 -0.1 -0.08 -0.09 -0.14 -0.14
83 -0.29 -0.41 -0.08 -0.04 -0.01 -0.02 -0.01 -0.01 -0.01 -0.01
83s -0.25 -0.31 -0.12 -0.07 -0.07 -0.09 -0.11 -0.05 -0.08 -0.12
82 -0.27 -0.4 -0.08 0.02 -0.01 -0.01 -0.02 -0.01 -0.01 -0.01
82s -0.26 -0.35 -0.15 -0.08 -0.09 -0.08 -0.06 -0.06 0.05 -0.03
76 -0.25 -0.32 -0.07 -0.07 -0.04 -0.01 -0.05 -0.03 -0.02 -0.05
76s -0.17 -0.1 -0.04 -0.02 -0.04 -0.03 -0.0 0.03 0.0 0.12
75 -0.27 -0.35 -0.07 -0.02 -0.02 -0.02 -0.01 -0.02 -0.02 -0.03
75s -0.16 -0.24 -0.14 -0.08 -0.03 -0.06 -0.1 -0.05 -0.08 0.07
74 -0.27 -0.38 -0.07 -0.03 -0.02 -0.01 -0.01 -0.01 -0.02 -0.02
74s -0.17 -0.24 -0.1 -0.1 -0.08 0.06 -0.06 -0.04 0.03 -0.07
73 -0.26 -0.42 -0.08 -0.03 -0.02 -0.01 -0.01 -0.02 0.0 -0.01
73s -0.27 -0.34 -0.12 -0.1 -0.06 -0.1 -0.05 -0.08 -0.1 -0.08
72 -0.27 -0.41 -0.08 -0.03 -0.01 -0.02 -0.01 -0.02 -0.02 -0.01
72s -0.26 -0.34 -0.12 -0.08 -0.08 -0.06 -0.05 -0.07 -0.08 -0.07
65 -0.27 -0.31 -0.07 -0.05 -0.05 -0.04 -0.05 -0.05 -0.05 -0.03
65s -0.15 -0.22 -0.08 -0.06 -0.05 -0.06 -0.14 -0.02 0.07 -0.04
64 -0.27 -0.33 -0.07 -0.02 -0.03 -0.02 -0.02 -0.03 -0.02 -0.03
64s -0.18 -0.21 0.06 -0.05 -0.06 -0.02 0.04 -0.03 -0.02 -0.03
63 -0.25 -0.37 -0.1 -0.03 -0.02 -0.02 -0.02 -0.02 -0.02 -0.03
63s -0.21 -0.3 -0.12 -0.15 -0.05 -0.12 -0.07 -0.08 -0.01 0.05
62 -0.27 -0.41 -0.09 -0.01 -0.02 -0.01 -0.01 -0.01 -0.01 -0.01
62s -0.25 -0.32 -0.08 -0.08 -0.08 -0.1 -0.07 -0.07 -0.08 -0.1
54 -0.27 -0.32 -0.08 -0.06 -0.05 -0.03 -0.06 -0.04 0.03 -0.06
54s -0.2 -0.15 -0.07 -0.01 -0.04 -0.07 -0.01 -0.03 0.0 -0.0
53 -0.24 -0.33 -0.07 -0.03 -0.02 -0.02 0.01 -0.03 -0.03 -0.04
53s -0.23 -0.26 -0.08 -0.06 0.04 -0.03 -0.1 -0.08 -0.08 -0.03
52 -0.25 -0.37 -0.09 -0.02 -0.03 -0.01 -0.02 -0.01 -0.01 -0.02
52s -0.22 -0.3 -0.12 -0.11 -0.06 -0.09 -0.1 -0.02 -0.07 -0.02
43 -0.27 -0.36 -0.09 -0.07 -0.03 -0.04 -0.04 -0.02 -0.03 -0.04
43s -0.25 -0.22 -0.03 -0.05 -0.06 -0.09 -0.09 -0.04 -0.06 -0.11
42 -0.26 -0.4 -0.09 -0.02 -0.02 -0.02 -0.02 -0.02 -0.02 -0.02
42s -0.29 -0.26 -0.18 -0.1 -0.06 -0.09 0.03 -0.07 -0.06 -0.03
32 -0.29 -0.41 -0.07 -0.05 -0.04 -0.04 -0.04 -0.04 -0.03 -0.04
32s -0.17 -0.33 -0.14 -0.08 -0.1 -0.08 -0.09 -0.07 -0.08 -0.1
